[[[-0.00378918 -0.00958649 -0.01807493 -0.02050975 -0.01436122 -0.00495939
   0.02351925]
 [-0.00958649 -0.01601228 -0.02521573  0.00726614  0.01938289 -0.01517531
   0.02557473]
 [-0.01807493 -0.02521573 -0.03968639  0.04402969 -0.00025851 -0.02904222
   0.04422813]
 [-0.02050975  0.00726614  0.04402969  0.11811747 -0.05986078 -0.02047845
   0.05090658]
 [-0.01436122  0.01938289 -0.00025851 -0.05986078 -0.17128828  0.01595623
   0.02959463]
 [-0.00495939 -0.01517531 -0.02904222 -0.02047845  0.01595623  0.08594619
   0.01919603]
 [ 0.02351925  0.02557473  0.04422813  0.05090658  0.02959463  0.01919603
  -0.00705284]]
[[ 0.01466885  0.02012765  0.029964    0.02010743  0.00050717 -0.02846579
   0.0271164 ]
 [ 0.02012765  0.05407524  0.06177664  0.0900963   0.02996689 -0.07003936
   0.02826274]
 [ 0.029964    0.06177664  0.06732086  0.11716784 -0.05603503 -0.12780034
   0.05902494]
 [ 0.02010743  0.0900963   0.11716784  0.08190075 -0.2428826  -0.14421015
   0.05857905]
 [ 0.00050717  0.02996689 -0.05603503 -0.2428826  -0.41517752 -0.04988427
   0.06593297]
 [-0.02846579 -0.07003936 -0.12780034 -0.14421015 -0.04988427  0.15678665
   0.08203905]
 [ 0.0271164   0.02826274  0.05902494  0.05857905  0.06593297  0.08203905
   0.00928471]]
[[ 0.01283733  0.03380293  0.04579359  0.03412183  0.01348362 -0.02857683
   0.01889229]
 [ 0.03380293  0.0754231   0.09365482  0.10810605  0.04503209 -0.05782826
   0.02245837]
 [ 0.04579359  0.09365482  0.11569612  0.13775683 -0.05885233 -0.13521671
   0.03923955]
 [ 0.03412183  0.10810605  0.13775683  0.05849996 -0.26621614 -0.15285256
   0.0425898 ]
 [ 0.01348362  0.04503209 -0.05885233 -0.26621614 -0.42534053 -0.06637564
   0.06742307]
 [-0.02857683 -0.05782826 -0.13521671 -0.15285256 -0.06637564  0.14038281
   0.09738257]
 [ 0.01889229  0.02245837  0.03923955  0.0425898   0.06742307  0.09738257
   0.04309346]]
[[ 0.00558108  0.01661336  0.05523602  0.05338064  0.04798437  0.05094387
  -0.01599626]
 [ 0.01661336 -0.04826126 -0.08477708 -0.05579544  0.02048571  0.05461776
  -0.07080855]
 [ 0.05523602 -0.08477708 -0.17784663 -0.10512137  0.03359546  0.09836209
  -0.08957912]
 [ 0.05338064 -0.05579544 -0.10512137 -0.04347468  0.06475021  0.06716558
  -0.1084666 ]
 [ 0.04798437  0.02048571  0.03359546  0.06475021  0.08383867  0.05354249
  -0.03536679]
 [ 0.05094387  0.05461776  0.09836209  0.06716558  0.05354249  0.04520081
   0.00306968]
 [-0.01599626 -0.07080855 -0.08957912 -0.1084666  -0.03536679  0.00306968
   0.00963795]]
[[-0.00506464  0.00129114  0.04985199  0.05281939  0.06669332  0.06547265
  -0.02497974]
 [ 0.00129114 -0.10309171 -0.1636594  -0.09381364  0.03933674  0.08657049
  -0.09816215]
 [ 0.04985199 -0.1636594  -0.30182293 -0.16823558  0.09158577  0.1626283
  -0.15156866]
 [ 0.05281939 -0.09381364 -0.16823558 -0.03283812  0.17821363  0.12166181
  -0.19401224]
 [ 0.06669332  0.03933674  0.09158577  0.17821363  0.22593755  0.11507352
  -0.07617083]
 [ 0.06547265  0.08657049  0.1626283   0.12166181  0.11507352  0.09531318
  -0.00323791]
 [-0.02497974 -0.09816215 -0.15156866 -0.19401224 -0.07617083 -0.00323791
  -0.00407558]]
[[-0.02310918 -0.01994801  0.03788007  0.04518182  0.06642917  0.059052
  -0.03036416]
 [-0.01994801 -0.10572615 -0.13316298 -0.07752996  0.03351726  0.07860317
  -0.09556532]
 [ 0.03788007 -0.13316298 -0.23061638 -0.10654461  0.08822131  0.13839419
  -0.13748081]
 [ 0.04518182 -0.07752996 -0.10654461  0.01315633  0.17126878  0.120661
  -0.17166871]
 [ 0.06642917  0.03351726  0.08822131  0.17126878  0.20872313  0.11255493
  -0.07570238]
 [ 0.059052    0.07860317  0.13839419  0.120661    0.11255493  0.06932182
  -0.03341975]
 [-0.03036416 -0.09556532 -0.13748081 -0.17166871 -0.07570238 -0.03341975
  -0.03484333]]
[[ 0.00119403 -0.00343001  0.02046062  0.02544981  0.0240445   0.02499381
   0.00360434]
 [-0.00343001 -0.01292965 -0.02903952 -0.07279243  0.00648238  0.0640027
   0.01557043]
 [ 0.02046062 -0.02903952  0.06185666 -0.012071   -0.13139069 -0.0048491
   0.03508479]
 [ 0.02544981 -0.07279243 -0.012071    0.12796778 -0.01142795 -0.05519174
   0.01188077]
 [ 0.0240445   0.00648238 -0.13139069 -0.01142795  0.03349252 -0.00147226
   0.00303829]
 [ 0.02499381  0.0640027  -0.0048491  -0.05519174 -0.00147226 -0.02012322
   0.00178615]
 [ 0.00360434  0.01557043  0.03508479  0.01188077  0.00303829  0.00178615
   0.0084575 ]]
[[-0.00490315 -0.02098284  0.02062     0.0655609   0.09015337  0.06666864
  -0.00645798]
 [-0.02098284 -0.06946692 -0.0773473  -0.11274895  0.00605983  0.14419308
   0.06038409]
 [ 0.02062    -0.0773473   0.04506937 -0.04431503 -0.2452007  -0.03193558
   0.0722291 ]
 [ 0.0655609  -0.11274895 -0.04431503  0.193045   -0.01594414 -0.10064636
   0.01014414]
 [ 0.09015337  0.00605983 -0.2452007  -0.01594414  0.08596328 -0.00411364
   0.00679988]
 [ 0.06666864  0.14419308 -0.03193558 -0.10064636 -0.00411364 -0.01894995
   0.00026459]
 [-0.00645798  0.06038409  0.0722291   0.01014414  0.00679988  0.00026459
   0.01139587]]
[[-0.01749884 -0.01834365  0.03126463  0.049815    0.05288549  0.0235236
  -0.03136816]
 [-0.01834365 -0.02541956 -0.03030857 -0.09531727 -0.0160995   0.10960273
   0.02750593]
 [ 0.03126463 -0.03030857  0.08506234  0.00337064 -0.22031715 -0.05546212
   0.04295352]
 [ 0.049815   -0.09531727  0.00337064  0.24240337  0.00772792 -0.09259222
   0.00711555]
 [ 0.05288549 -0.0160995  -0.22031715  0.00772792  0.1053462   0.01220793
   0.00426916]
 [ 0.0235236   0.10960273 -0.05546212 -0.09259222  0.01220793 -0.01718028
  -0.00797153]
 [-0.03136816  0.02750593  0.04295352  0.00711555  0.00426916 -0.00797153
  -0.0139441 ]]
[[ -8.56863558e-02  -4.62546218e-02   1.56058781e-02   3.64497432e-02
    2.82550789e-02   5.78061940e-02   6.18891921e-02]
 [ -4.62546218e-02   7.90230855e-02   1.31376315e-01   1.09621439e-01
    9.74371482e-02   7.18347630e-02   4.36135261e-02]
 [  1.56058781e-02   1.31376315e-01   1.46981895e-01   1.65514775e-01
    1.47453040e-01   9.23752180e-02   3.02115439e-02]
 [  3.64497432e-02   1.09621439e-01   1.65514775e-01   1.63042054e-01
    1.43653042e-01   7.02562716e-02   3.87392500e-05]
 [  2.82550789e-02   9.74371482e-02   1.47453040e-01   1.43653042e-01
    1.47152707e-01   6.13583826e-02   9.30913355e-03]
 [  5.78061940e-02   7.18347630e-02   9.23752180e-02   7.02562716e-02
    6.13583826e-02  -3.81181901e-03  -2.88888505e-02]
 [  6.18891921e-02   4.36135261e-02   3.02115439e-02   3.87392500e-05
    9.30913355e-03  -2.88888505e-02  -7.63131678e-02]]
[[-0.0269754  -0.00727839  0.04606584  0.03553711 -0.03019209  0.00089614
   0.04067409]
 [-0.00727839  0.08079158  0.06970836  0.00663881 -0.02802411 -0.03130099
  -0.00987189]
 [ 0.04606584  0.06970836 -0.0162551  -0.02916777 -0.01900466 -0.01776009
  -0.02642909]
 [ 0.03553711  0.00663881 -0.02916777 -0.05713568 -0.03302173 -0.01945585
  -0.0120134 ]
 [-0.03019209 -0.02802411 -0.01900466 -0.03302173  0.01184412  0.01341974
   0.04027986]
 [ 0.00089614 -0.03130099 -0.01776009 -0.01945585  0.01341974  0.01543676
   0.05170901]
 [ 0.04067409 -0.00987189 -0.02642909 -0.0120134   0.04027986  0.05170901
   0.02965506]]
[[ 0.03211082  0.01034996  0.01977852  0.00542256 -0.07609526 -0.05222546
  -0.00513641]
 [ 0.01034996 -0.0027028  -0.04843033 -0.09054547 -0.11117789 -0.09256051
  -0.03670783]
 [ 0.01977852 -0.04843033 -0.15480912 -0.15803348 -0.13354314 -0.09504851
  -0.05151884]
 [ 0.00542256 -0.09054547 -0.15803348 -0.20440154 -0.17421068 -0.10935317
  -0.03284632]
 [-0.07609526 -0.11117789 -0.13354314 -0.17421068 -0.15154822 -0.09785274
   0.00701903]
 [-0.05222546 -0.09256051 -0.09504851 -0.10935317 -0.09785274 -0.05021397
   0.03803179]
 [-0.00513641 -0.03670783 -0.05151884 -0.03284632  0.00701903  0.03803179
   0.06413718]]
[[  1.54794500e-02   5.70518050e-02   1.08319320e-01   7.01271100e-02
   -5.79050000e-05  -2.73607500e-03   2.74966800e-02]
 [  5.70518050e-02   1.31937130e-01   1.65926530e-01   4.36839350e-02
   -8.04536600e-02  -7.55847500e-02   1.08072100e-02]
 [  1.08319320e-01   1.65926530e-01   9.60414900e-02  -8.10766200e-02
   -1.79623060e-01  -1.21588785e-01   2.00483000e-02]
 [  7.01271100e-02   4.36839350e-02  -8.10766200e-02  -1.89330760e-01
   -1.84370570e-01  -3.67910500e-02   6.55176900e-02]
 [ -5.79050000e-05  -8.04536600e-02  -1.79623060e-01  -1.84370570e-01
   -1.19697280e-01   5.35781550e-02   5.72786400e-02]
 [ -2.73607500e-03  -7.55847500e-02  -1.21588785e-01  -3.67910500e-02
    5.35781550e-02   9.40780700e-02   5.27001600e-02]
 [  2.74966800e-02   1.08072100e-02   2.00483000e-02   6.55176900e-02
    5.72786400e-02   5.27001600e-02   9.01981000e-03]]
[[ 0.2246339   0.18512588  0.11609707  0.01360148 -0.04797507 -0.06078098
  -0.00194896]
 [ 0.18512588  0.13353574  0.04324254 -0.07390551 -0.13622806 -0.13730393
  -0.0300156 ]
 [ 0.11609707  0.04324254 -0.07787852 -0.18176933 -0.20990057 -0.16612047
  -0.02991529]
 [ 0.01360148 -0.07390551 -0.18176933 -0.22027004 -0.18646127 -0.08046048
   0.03696424]
 [-0.04797507 -0.13622806 -0.20990057 -0.18646127 -0.13234533 -0.00292369
   0.06921104]
 [-0.06078098 -0.13730393 -0.16612047 -0.08046048 -0.00292369  0.07107995
   0.11492515]
 [-0.00194896 -0.0300156  -0.02991529  0.03696424  0.06921104  0.11492515
   0.12327858]]
[[-0.2217468  -0.22441861 -0.20542066 -0.09573692  0.05753974  0.05775599
  -0.04146468]
 [-0.22441861 -0.27806005 -0.21165265  0.01464575  0.24262922  0.19938855
   0.02742956]
 [-0.20542066 -0.21165265 -0.06649558  0.22399757  0.40924283  0.25458328
   0.02448283]
 [-0.09573692  0.01464575  0.22399757  0.41910863  0.38859541  0.14104392
  -0.07570815]
 [ 0.05753974  0.24262922  0.40924283  0.38859541  0.18037157 -0.04627776
  -0.15084914]
 [ 0.05775599  0.19938855  0.25458328  0.14104392 -0.04627776 -0.13916399
  -0.1548705 ]
 [-0.04146468  0.02742956  0.02448283 -0.07570815 -0.15084914 -0.1548705
  -0.15389478]]
[[ 0.00177544 -0.02109752 -0.04595727 -0.06620862 -0.02053622 -0.00226241
   0.00363077]
 [-0.02109752 -0.03070469 -0.03547516 -0.03928124 -0.00897397  0.02952207
   0.03290597]
 [-0.04595727 -0.03547516 -0.04024835  0.01278099  0.0402546   0.03840275
   0.078526  ]
 [-0.06620862 -0.03928124  0.01278099  0.0123255   0.00685027  0.05526681
   0.06437648]
 [-0.02053622 -0.00897397  0.0402546   0.00685027 -0.00935577  0.01081058
  -0.00075311]
 [-0.00226241  0.02952207  0.03840275  0.05526681  0.01081058 -0.04743704
  -0.04015339]
 [ 0.00363077  0.03290597  0.078526    0.06437648 -0.00075311 -0.04015339
  -0.03013466]]
[[ 0.0054268  -0.02138363 -0.06028004 -0.08887957 -0.02578243  0.0073937
   0.00081592]
 [-0.02138363 -0.04094331 -0.04949168 -0.05780556 -0.00866164  0.04771859
   0.04417789]
 [-0.06028004 -0.04949168 -0.06008751 -0.00024257  0.03615133  0.04903194
   0.08881788]
 [-0.08887957 -0.05780556 -0.00024257  0.01865259  0.01265999  0.06215127
   0.07084037]
 [-0.02578243 -0.00866164  0.03615133  0.01265999  0.01243546  0.01982853
  -0.0061863 ]
 [ 0.0073937   0.04771859  0.04903194  0.06215127  0.01982853 -0.05878185
  -0.05785514]
 [ 0.00081592  0.04417789  0.08881788  0.07084037 -0.0061863  -0.05785514
  -0.05176006]]
[[-0.05475306 -0.05465124 -0.05624649 -0.0754416  -0.01750001  0.01365074
  -0.00037834]
 [-0.05465124 -0.04213871 -0.03605597 -0.03624112  0.00708936  0.06959687
   0.06723673]
 [-0.05624649 -0.03605597 -0.05198621 -0.00847035  0.03708334  0.06261305
   0.09565283]
 [-0.0754416  -0.03624112 -0.00847035  0.00199575  0.01652111  0.06568114
   0.06804865]
 [-0.01750001  0.00708936  0.03708334  0.01652111  0.01153649  0.02333872
  -0.01916649]
 [ 0.01365074  0.06959687  0.06261305  0.06568114  0.02333872 -0.04491493
  -0.08085699]
 [-0.00037834  0.06723673  0.09565283  0.06804865 -0.01916649 -0.08085699
  -0.09340671]]
[[ 0.01364558  0.02590217 -0.02671676 -0.07464028 -0.06409849 -0.05176015
  -0.00724196]
 [ 0.02590217  0.01296453  0.00980616  0.05807079  0.08607537  0.06316036
   0.00952493]
 [-0.02671676  0.00980616  0.03631467  0.04174967  0.07243853  0.06832457
   0.01272491]
 [-0.07464028  0.05807079  0.04174967 -0.00064494 -0.01065919 -0.01291635
  -0.01691361]
 [-0.06409849  0.08607537  0.07243853 -0.01065919 -0.07639307 -0.06151041
  -0.04059803]
 [-0.05176015  0.06316036  0.06832457 -0.01291635 -0.06151041 -0.03725816
  -0.03218007]
 [-0.00724196  0.00952493  0.01272491 -0.01691361 -0.04059803 -0.03218007
  -0.01795488]]
[[ 0.00704829  0.02309043 -0.02884154 -0.08992377 -0.09825262 -0.08061741
  -0.03205923]
 [ 0.02309043  0.01777075  0.01945568  0.08090081  0.10792717  0.06053723
  -0.00735636]
 [-0.02884154  0.01945568  0.07230855  0.08916798  0.11462097  0.09961467
   0.00367184]
 [-0.08992377  0.08090081  0.08916798  0.04131944  0.00672302 -0.00201924
  -0.03620385]
 [-0.09825262  0.10792717  0.11462097  0.00672302 -0.07030255 -0.0697898
  -0.07081174]
 [-0.08061741  0.06053723  0.09961467 -0.00201924 -0.0697898  -0.06201356
  -0.07367648]
 [-0.03205923 -0.00735636  0.00367184 -0.03620385 -0.07081174 -0.07367648
  -0.06559411]]
[[-0.00275201  0.00181839 -0.04271978 -0.09622368 -0.11051933 -0.09889882
  -0.05625377]
 [ 0.00181839 -0.01247326 -0.015396    0.04144586  0.07639846  0.05474441
  -0.01413412]
 [-0.04271978 -0.015396    0.0197602   0.05065259  0.08577421  0.1038391
   0.02392473]
 [-0.09622368  0.04144586  0.05065259  0.02155695  0.02076474  0.03710275
   0.00398477]
 [-0.11051933  0.07639846  0.08577421  0.02076474 -0.03526426 -0.02057145
  -0.02594713]
 [-0.09889882  0.05474441  0.1038391   0.03710275 -0.02057145 -0.0025256
  -0.00908552]
 [-0.05625377 -0.01413412  0.02392473  0.00398477 -0.02594713 -0.00908552
  -0.00920151]]
[[-0.02822355  0.00859487  0.01783322  0.0444976   0.03897271  0.03075701
   0.02831701]
 [ 0.00859487  0.05550486  0.01610688  0.0252666   0.03487875  0.03987091
   0.02274823]
 [ 0.01783322  0.01610688 -0.09021205 -0.07309625 -0.05887557 -0.04845497
  -0.03231599]
 [ 0.0444976   0.0252666  -0.07309625 -0.07943969 -0.04974146 -0.0534592
  -0.0204635 ]
 [ 0.03897271  0.03487875 -0.05887557 -0.04974146  0.01983624  0.04091749
   0.02214398]
 [ 0.03075701  0.03987091 -0.04845497 -0.0534592   0.04091749  0.04126274
   0.01544518]
 [ 0.02831701  0.02274823 -0.03231599 -0.0204635   0.02214398  0.01544518
  -0.00039539]]
[[-0.01376111  0.01913     0.01577271  0.05825504  0.07293114  0.06362081
   0.03985898]
 [ 0.01913     0.04161358 -0.01165168  0.00957489  0.02780638  0.04445645
   0.02768361]
 [ 0.01577271 -0.01165168 -0.17366673 -0.15324078 -0.11010012 -0.07052026
  -0.05894066]
 [ 0.05825504  0.00957489 -0.15324078 -0.12892245 -0.06147488 -0.05517081
  -0.04249316]
 [ 0.07293114  0.02780638 -0.11010012 -0.06147488  0.07399724  0.09281686
   0.03766369]
 [ 0.06362081  0.04445645 -0.07052026 -0.05517081  0.09281686  0.09579337
   0.03896701]
 [ 0.03985898  0.02768361 -0.05894066 -0.04249316  0.03766369  0.03896701
   0.02510759]]
[[-0.02049522  0.00439264 -0.00037438  0.04327914  0.06619831  0.06538553
   0.05616641]
 [ 0.00439264  0.01186348 -0.04324407 -0.00311431  0.01824318  0.04317821
   0.01997781]
 [-0.00037438 -0.04324407 -0.18765277 -0.16211631 -0.10845653 -0.04774876
  -0.06113788]
 [ 0.04327914 -0.00311431 -0.16211631 -0.11536623 -0.04468955 -0.01738479
  -0.03232825]
 [ 0.06619831  0.01824318 -0.10845653 -0.04468955  0.09040736  0.11801353
   0.06093561]
 [ 0.06538553  0.04317821 -0.04774876 -0.01738479  0.11801353  0.12679118
   0.07211126]
 [ 0.05616641  0.01997781 -0.06113788 -0.03232825  0.06093561  0.07211126
   0.05747337]]
[[-0.01105412  0.00356671 -0.03718403 -0.01084492 -0.03016579 -0.03802694
  -0.01272984]
 [ 0.00356671  0.05301273  0.01729984  0.13545903  0.11799882  0.06337489
   0.03321777]
 [-0.03718403  0.01729984 -0.20371231 -0.09785702 -0.12130603 -0.09832353
  -0.01914313]
 [-0.01084492  0.13545903 -0.09785702  0.15639509  0.10698425 -0.00258172
   0.02241327]
 [-0.03016579  0.11799882 -0.12130603  0.10698425  0.05958134 -0.01520753
   0.0250335 ]
 [-0.03802694  0.06337489 -0.09832353 -0.00258172 -0.01520753 -0.05255048
  -0.00910033]
 [-0.01272984  0.03321777 -0.01914313  0.02241327  0.0250335  -0.00910033
   0.0153896 ]]
[[-0.00306429  0.01392802 -0.02542725 -0.00517191 -0.00442001 -0.02814594
  -0.0016218 ]
 [ 0.01392802  0.08507214  0.01304642  0.20883859  0.22299139  0.10853609
   0.04594305]
 [-0.02542725  0.01304642 -0.42582214 -0.25094518 -0.22182048 -0.20877445
  -0.06125353]
 [-0.00517191  0.20883859 -0.25094518  0.1902612   0.19530138 -0.03589424
  -0.00538009]
 [-0.00442001  0.22299139 -0.22182048  0.19530138  0.23135063  0.00985466
   0.04853886]
 [-0.02814594  0.10853609 -0.20877445 -0.03589424  0.00985466 -0.07190722
  -0.00714677]
 [-0.0016218   0.04594305 -0.06125353 -0.00538009  0.04853886 -0.00714677
   0.00141867]]
[[ 0.0110231   0.02256624 -0.03979262  0.00116217  0.00053937 -0.01421713
  -0.00858888]
 [ 0.02256624  0.08744944  0.00856555  0.18413063  0.20046154  0.11441145
   0.04385128]
 [-0.03979262  0.00856555 -0.36856925 -0.22541943 -0.18977516 -0.17380466
  -0.0745157 ]
 [ 0.00116217  0.18413063 -0.22541943  0.12525815  0.14650172 -0.03431506
  -0.02637828]
 [ 0.00053937  0.20046154 -0.18977516  0.14650172  0.19447242  0.02405756
   0.03685969]
 [-0.01421713  0.11441145 -0.17380466 -0.03431506  0.02405756 -0.05890983
  -0.00839454]
 [-0.00858888  0.04385128 -0.0745157  -0.02637828  0.03685969 -0.00839454
  -0.01234965]]
[[ -1.82277000e-03   1.06475000e-04  -1.01729350e-02  -4.66406800e-02
   -4.95668000e-02  -3.70873000e-03   5.04285500e-03]
 [  1.06475000e-04   3.03621300e-02  -6.27834150e-02  -1.30402990e-01
    7.05209500e-03   5.20949100e-02   1.50866450e-02]
 [ -1.01729350e-02  -6.27834150e-02  -1.72698620e-01   1.29375285e-01
    1.96147135e-01   5.89157100e-02  -3.99788500e-03]
 [ -4.66406800e-02  -1.30402990e-01   1.29375285e-01   3.32812340e-01
   -2.72849550e-02  -8.53202700e-02  -4.99566300e-02]
 [ -4.95668000e-02   7.05209500e-03   1.96147135e-01  -2.72849550e-02
   -1.37691110e-01   4.12304000e-03  -6.86815000e-03]
 [ -3.70873000e-03   5.20949100e-02   5.89157100e-02  -8.53202700e-02
    4.12304000e-03   2.73694800e-02  -1.82555350e-02]
 [  5.04285500e-03   1.50866450e-02  -3.99788500e-03  -4.99566300e-02
   -6.86815000e-03  -1.82555350e-02  -1.51018000e-03]]
[[ 0.01798717  0.00551604  0.00965716 -0.05659737 -0.04100818  0.00691525
   0.02638612]
 [ 0.00551604  0.03955499 -0.12832753 -0.19405556  0.03553576  0.05879625
   0.03031513]
 [ 0.00965716 -0.12832753 -0.26602063  0.21815642  0.2839766   0.05457107
  -0.02545568]
 [-0.05659737 -0.19405556  0.21815642  0.49538344 -0.11167486 -0.1820834
  -0.08130456]
 [-0.04100818  0.03553576  0.2839766  -0.11167486 -0.27772129 -0.01178752
   0.01841747]
 [ 0.00691525  0.05879625  0.05457107 -0.1820834  -0.01178752  0.06063594
   0.02596382]
 [ 0.02638612  0.03031513 -0.02545568 -0.08130456  0.01841747  0.02596382
   0.0324555 ]]
[[-0.01182602  0.01294158  0.04758506  0.00253481 -0.02042328  0.00671089
   0.03025047]
 [ 0.01294158  0.076105   -0.02274842 -0.12513701  0.01909718  0.03932712
   0.01497937]
 [ 0.04758506 -0.02274842 -0.20490693  0.12608922  0.18844213  0.02272458
  -0.02593364]
 [ 0.00253481 -0.12513701  0.12608922  0.32101688 -0.12474312 -0.13566914
  -0.06322398]
 [-0.02042328  0.01909718  0.18844213 -0.12474312 -0.22107093  0.00711776
   0.01350214]
 [ 0.00671089  0.03932712  0.02272458 -0.13566914  0.00711776  0.04247037
  -0.00750537]
 [ 0.03025047  0.01497937 -0.02593364 -0.06322398  0.01350214 -0.00750537
  -0.00419162]]
[[-0.00969877 -0.01646204 -0.00299882 -0.04842306  0.00669412  0.01915744
  -0.00447878]
 [-0.01646204 -0.01199743  0.04984171  0.1242044  -0.0484161  -0.06796522
  -0.01319673]
 [-0.00299882  0.04984171 -0.19029366 -0.06751536  0.1036006   0.15752519
   0.00878325]
 [-0.04842306  0.1242044  -0.06751536  0.23094718 -0.13107344 -0.12857605
  -0.01996314]
 [ 0.00669412 -0.0484161   0.1036006  -0.13107344  0.01819482  0.02867931
   0.01243239]
 [ 0.01915744 -0.06796522  0.15752519 -0.12857605  0.02867931 -0.03129649
   0.00705546]
 [-0.00447878 -0.01319673  0.00878325 -0.01996314  0.01243239  0.00705546
   0.0196465 ]]
[[-0.00624127 -0.01377091  0.03669001 -0.01977494  0.01193343  0.00895087
  -0.00952271]
 [-0.01377091 -0.02995264  0.05254943  0.1909835  -0.06217064 -0.12456019
  -0.01260638]
 [ 0.03669001  0.05254943 -0.39037314 -0.15386768  0.11984469  0.23316163
   0.03203965]
 [-0.01977494  0.1909835  -0.15386768  0.32471877 -0.16920915 -0.20009476
  -0.05217115]
 [ 0.01193343 -0.06217064  0.11984469 -0.16920915  0.07902463  0.06034776
   0.02155585]
 [ 0.00895087 -0.12456019  0.23316163 -0.20009476  0.06034776 -0.00039533
   0.0167921 ]
 [-0.00952271 -0.01260638  0.03203965 -0.05217115  0.02155585  0.0167921
   0.02540231]]
[[-0.0073985  -0.00841214  0.03108477 -0.02518596  0.0215521   0.02256459
  -0.01210307]
 [-0.00841214 -0.02480562  0.06247375  0.15362793 -0.08006788 -0.11360483
  -0.00471971]
 [ 0.03108477  0.06247375 -0.27208462 -0.13853634  0.05390164  0.18617115
   0.05421986]
 [-0.02518596  0.15362793 -0.13853634  0.27431378 -0.12787809 -0.14707387
  -0.0199757 ]
 [ 0.0215521  -0.08006788  0.05390164 -0.12787809  0.11275502  0.06308529
   0.00260189]
 [ 0.02256459 -0.11360483  0.18617115 -0.14707387  0.06308529 -0.0198364
  -0.01130368]
 [-0.01210307 -0.00471971  0.05421986 -0.0199757   0.00260189 -0.01130368
   0.00485562]]
[[ 0.01880085  0.01063611 -0.00424976 -0.04080568 -0.00868517 -0.01112106
   0.00786897]
 [ 0.01063611 -0.00405014  0.02375035 -0.01288442 -0.07831408  0.01266742
   0.02701233]
 [-0.00424976  0.02375035 -0.03859759  0.13556529 -0.0113871  -0.03302343
  -0.02204268]
 [-0.04080568 -0.01288442  0.13556529 -0.34812442  0.24295833  0.06528613
  -0.02949899]
 [-0.00868517 -0.07831408 -0.0113871   0.24295833 -0.0268376  -0.1214594
   0.01468085]
 [-0.01112106  0.01266742 -0.03302343  0.06528613 -0.1214594   0.08139969
  -0.00055171]
 [ 0.00786897  0.02701233 -0.02204268 -0.02949899  0.01468085 -0.00055171
   0.01638879]]
[[-0.004974   -0.00484976  0.01748517 -0.00197508  0.01656907  0.00267412
   0.01136208]
 [-0.00484976 -0.02374063  0.02153119  0.06095742 -0.08390701  0.00543768
   0.02680634]
 [ 0.01748517  0.02153119 -0.10947402  0.12080619  0.03119116 -0.02357162
  -0.02484271]
 [-0.00197508  0.06095742  0.12080619 -0.69513738  0.31171028  0.13915884
  -0.01764938]
 [ 0.01656907 -0.08390701  0.03119116  0.31171028 -0.06598292 -0.2220754
  -0.00277748]
 [ 0.00267412  0.00543768 -0.02357162  0.13915884 -0.2220754   0.08467803
  -0.00522234]
 [ 0.01136208  0.02680634 -0.02484271 -0.01764938 -0.00277748 -0.00522234
   0.01085155]]
[[ -3.89461010e-03   1.66601315e-03   1.93940696e-03  -9.28863789e-03
    1.78412877e-02  -8.86394642e-03  -1.34289965e-03]
 [  1.66601315e-03  -2.12394968e-02   9.43778825e-03   5.08953351e-02
   -6.09591789e-02  -2.02864095e-03   5.37509914e-03]
 [  1.93940696e-03   9.43778825e-03  -7.93039724e-02   1.40374687e-01
   -5.98042850e-03  -4.62457092e-02  -1.20516541e-02]
 [ -9.28863789e-03   5.08953351e-02   1.40374687e-01  -5.36919355e-01
    2.33711064e-01   9.29164590e-02  -8.53892500e-05]
 [  1.78412877e-02  -6.09591789e-02  -5.98042850e-03   2.33711064e-01
   -8.78340658e-03  -1.40627820e-01   1.88491615e-02]
 [ -8.86394642e-03  -2.02864095e-03  -4.62457092e-02   9.29164590e-02
   -1.40627820e-01   1.17805980e-01  -9.92254350e-03]
 [ -1.34289965e-03   5.37509914e-03  -1.20516541e-02  -8.53892500e-05
    1.88491615e-02  -9.92254350e-03   9.50936519e-04]]
[[-0.01543934  0.00067326  0.02056185  0.04914731  0.06165502  0.05029439
   0.03026772]
 [ 0.00067326  0.01878969 -0.0446839  -0.0084021  -0.02963734  0.01359495
  -0.01071209]
 [ 0.02056185 -0.0446839  -0.1648664  -0.07522018 -0.07097953 -0.02077133
  -0.05149109]
 [ 0.04914731 -0.0084021  -0.07522018 -0.02791703  0.00476214 -0.00293432
  -0.00239221]
 [ 0.06165502 -0.02963734 -0.07097953  0.00476214  0.2137336   0.09557528
   0.02053162]
 [ 0.05029439  0.01359495 -0.02077133 -0.00293432  0.09557528  0.00177073
   0.00479629]
 [ 0.03026772 -0.01071209 -0.05149109 -0.00239221  0.02053162  0.00479629
  -0.02394516]]
[[ 0.05141697  0.02467208 -0.00341237  0.0254309   0.02393172  0.01854607
   0.02576135]
 [ 0.02467208  0.00133783 -0.09931438 -0.04860299 -0.10297488 -0.03405208
  -0.02935191]
 [-0.00341237 -0.09931438 -0.23019549 -0.13138482 -0.13065212 -0.04415441
  -0.0552228 ]
 [ 0.0254309  -0.04860299 -0.13138482 -0.19924589 -0.13251    -0.05516154
   0.03503051]
 [ 0.02393172 -0.10297488 -0.13065212 -0.13251     0.20866065  0.1755345
   0.12882185]
 [ 0.01854607 -0.03405208 -0.04415441 -0.05516154  0.1755345   0.1738095
   0.18960836]
 [ 0.02576135 -0.02935191 -0.0552228   0.03503051  0.12882185  0.18960836
   0.18980116]]
[[-0.07246788 -0.03869037 -0.04325304 -0.03924119 -0.05876473 -0.05081131
  -0.02941853]
 [-0.03869037  0.06266261  0.08817254  0.12799143  0.06024061  0.06899194
   0.0293392 ]
 [-0.04325304  0.08817254  0.20033121  0.26727397  0.17328987  0.14244945
   0.04149906]
 [-0.03924119  0.12799143  0.26727397  0.15511015 -0.04690019 -0.08476871
  -0.03453871]
 [-0.05876473  0.06024061  0.17328987 -0.04690019 -0.14115198 -0.17415176
  -0.09709852]
 [-0.05081131  0.06899194  0.14244945 -0.08476871 -0.17415176 -0.19594067
  -0.11378771]
 [-0.02941853  0.0293392   0.04149906 -0.03453871 -0.09709852 -0.11378771
  -0.11272149]]
[[-0.10448173 -0.11093428 -0.10340979 -0.04502702  0.00374648 -0.01800866
  -0.0600191 ]
 [-0.11093428 -0.07522845 -0.06314515  0.03501823 -0.00550442 -0.02319922
  -0.0933295 ]
 [-0.10340979 -0.06314515 -0.02601709  0.22047032  0.13469846  0.0614033
  -0.11199183]
 [-0.04502702  0.03501823  0.22047032  0.28461167  0.18271377  0.034498
  -0.09029644]
 [ 0.00374648 -0.00550442  0.13469846  0.18271377  0.24822821  0.04847162
  -0.05150843]
 [-0.01800866 -0.02319922  0.0614033   0.034498    0.04847162 -0.03613199
  -0.04744615]
 [-0.0600191  -0.0933295  -0.11199183 -0.09029644 -0.05150843 -0.04744615
  -0.06957589]]
[[-0.00521803 -0.04571342 -0.04916893 -0.0177114   0.02274274  0.02161475
   0.00265427]
 [-0.04571342  0.05408976  0.00217184  0.05947829 -0.05890172  0.01021565
  -0.03368548]
 [-0.04916893  0.00217184 -0.15980104  0.09469113  0.01400141  0.08811157
  -0.00990041]
 [-0.0177114   0.05947829  0.09469113  0.06282286 -0.0133643  -0.00711954
  -0.01935326]
 [ 0.02274274 -0.05890172  0.01400141 -0.0133643   0.10895046  0.01065379
  -0.00281236]
 [ 0.02161475  0.01021565  0.08811157 -0.00711954  0.01065379 -0.05366376
  -0.01661413]
 [ 0.00265427 -0.03368548 -0.00990041 -0.01935326 -0.00281236 -0.01661413
  -0.03321448]]
[[ 0.14142965  0.12621501  0.07258146  0.03123329  0.02698077  0.06637042
   0.0853873 ]
 [ 0.12621501  0.2281841   0.08680227  0.03205787 -0.1257589   0.0319196
   0.08140207]
 [ 0.07258146  0.08680227 -0.26681697 -0.16820502 -0.19586864  0.053403
   0.11995111]
 [ 0.03123329  0.03205787 -0.16820502 -0.33470383 -0.32806481 -0.07847809
   0.10592562]
 [ 0.02698077 -0.1257589  -0.19586864 -0.32806481 -0.14922641 -0.05120094
   0.09516825]
 [ 0.06637042  0.0319196   0.053403   -0.07847809 -0.05120094 -0.02890937
   0.09641366]
 [ 0.0853873   0.08140207  0.11995111  0.10592562  0.09516825  0.09641366
   0.10863078]]
[[-0.07083426 -0.04369307  0.05909512  0.05829863  0.01956164 -0.0263897
  -0.03865058]
 [-0.04369307  0.0268039   0.06709425  0.06265764  0.03044844 -0.01270246
  -0.05251543]
 [ 0.05909512  0.06709425  0.02992755  0.06710638  0.04818171 -0.01083572
  -0.06230521]
 [ 0.05829863  0.06265764  0.06710638  0.06391957  0.07212528  0.01298654
  -0.01774611]
 [ 0.01956164  0.03044844  0.04818171  0.07212528  0.04604388  0.02715637
   0.00518969]
 [-0.0263897  -0.01270246 -0.01083572  0.01298654  0.02715637  0.06180599
   0.02230046]
 [-0.03865058 -0.05251543 -0.06230521 -0.01774611  0.00518969  0.02230046
   0.00047198]]
[[ 0.02840665 -0.01449365 -0.00657321 -0.03146499 -0.08022344 -0.10972657
  -0.09160376]
 [-0.01449365 -0.04075325 -0.06143795 -0.07442261 -0.10662726 -0.14362261
  -0.12763342]
 [-0.00657321 -0.06143795 -0.13044825 -0.12722971 -0.14012199 -0.16159316
  -0.15741104]
 [-0.03146499 -0.07442261 -0.12722971 -0.12968609 -0.09794492 -0.11117902
  -0.08258473]
 [-0.08022344 -0.10662726 -0.14012199 -0.09794492 -0.07129844 -0.04246721
  -0.00666726]
 [-0.10972657 -0.14362261 -0.16159316 -0.11117902 -0.04246721  0.04468851
   0.06147071]
 [-0.09160376 -0.12763342 -0.15741104 -0.08258473 -0.00666726  0.06147071
   0.07732821]]
[[-0.02098909  0.00332992  0.03489331  0.04478178  0.06295795  0.06180748
   0.04077782]
 [ 0.00332992  0.05299282  0.06922405  0.06917566  0.09411674  0.10130769
   0.07065295]
 [ 0.03489331  0.06922405  0.09963439  0.09875202  0.0830639   0.09517523
   0.05333923]
 [ 0.04478178  0.06917566  0.09875202  0.06808099  0.07689765  0.04974616
   0.03064496]
 [ 0.06295795  0.09411674  0.0830639   0.07689765  0.04116825  0.01865072
   0.0107914 ]
 [ 0.06180748  0.10130769  0.09517523  0.04974616  0.01865072  0.00463755
  -0.00534195]
 [ 0.04077782  0.07065295  0.05333923  0.03064496  0.0107914  -0.00534195
  -0.03082816]]
[[ 0.00496041  0.04769679  0.04571209  0.01908019  0.05703482  0.05955227
   0.03638728]
 [ 0.04769679  0.04429739  0.03919701  0.02780019  0.05965007  0.0583307
   0.02749369]
 [ 0.04571209  0.03919701  0.01433189 -0.00934144  0.01070683  0.04396475
   0.03008047]
 [ 0.01908019  0.02780019 -0.00934144 -0.00695053  0.01283408  0.04380083
   0.02684565]
 [ 0.05703482  0.05965007  0.01070683  0.01283408  0.0456644   0.04362946
   0.02056279]
 [ 0.05955227  0.0583307   0.04396475  0.04380083  0.04362946  0.04349685
   0.01533008]
 [ 0.03638728  0.02749369  0.03008047  0.02684565  0.02056279  0.01533008
  -0.04461178]]
[[-0.02119606  0.02361202  0.03478201  0.01315749  0.04360109  0.03078451
   0.00218521]
 [ 0.02361202  0.04179305  0.05599033  0.04996026  0.07279661  0.05047142
   0.01390177]
 [ 0.03478201  0.05599033  0.06717609  0.06198308  0.06477833  0.07475163
   0.04756102]
 [ 0.01315749  0.04996026  0.06198308  0.08406843  0.07363211  0.07931539
   0.05459947]
 [ 0.04360109  0.07279661  0.06477833  0.07363211  0.07787257  0.04933611
   0.02923281]
 [ 0.03078451  0.05047142  0.07475163  0.07931539  0.04933611  0.03842414
   0.00695108]
 [ 0.00218521  0.01390177  0.04756102  0.05459947  0.02923281  0.00695108
  -0.06799909]]
[[-0.00525059 -0.02227215 -0.05394799 -0.09720608 -0.07951715 -0.08198838
  -0.07909429]
 [-0.02227215 -0.06565743 -0.09743557 -0.10148032 -0.07826137 -0.07492598
  -0.06202446]
 [-0.05394799 -0.09743557 -0.11917543 -0.12110644 -0.10410978 -0.05556121
  -0.03265169]
 [-0.09720608 -0.10148032 -0.12110644 -0.10516321 -0.10591903 -0.06070689
  -0.01616998]
 [-0.07951715 -0.07826137 -0.10410978 -0.10591903 -0.11685102 -0.10034266
  -0.04479102]
 [-0.08198838 -0.07492598 -0.05556121 -0.06070689 -0.10034266 -0.07442693
  -0.03691193]
 [-0.07909429 -0.06202446 -0.03265169 -0.01616998 -0.04479102 -0.03691193
  -0.04435887]]
[[-0.00679739 -0.01003595 -0.00356598  0.02245082  0.03389051  0.05623755
  -0.00708567]
 [-0.01003595 -0.02335203 -0.02556583 -0.01407585 -0.01797096  0.10090881
   0.05499852]
 [-0.00356598 -0.02556583 -0.03518258 -0.03357045 -0.10022129  0.00343805
   0.06020272]
 [ 0.02245082 -0.01407585 -0.03357045 -0.00939771 -0.05946916 -0.02962074
   0.04158459]
 [ 0.03389051 -0.01797096 -0.10022129 -0.05946916 -0.06803921 -0.04444345
   0.0245076 ]
 [ 0.05623755  0.10090881  0.00343805 -0.02962074 -0.04444345 -0.04061664
   0.00576011]
 [-0.00708567  0.05499852  0.06020272  0.04158459  0.0245076   0.00576011
   0.02918359]]
[[ 0.00961666  0.01269056  0.00591857  0.01415861  0.02198995  0.04483141
  -0.02263707]
 [ 0.01269056  0.00084498  0.00532514 -0.00559223 -0.02906225  0.10781188
   0.05181166]
 [ 0.00591857  0.00532514  0.01045764 -0.00785088 -0.11099413  0.00480226
   0.07675589]
 [ 0.01415861 -0.00559223 -0.00785088  0.01090622 -0.07433566 -0.0484338
   0.04601619]
 [ 0.02198995 -0.02906225 -0.11099413 -0.07433566 -0.09203801 -0.06809834
   0.02430529]
 [ 0.04483141  0.10781188  0.00480226 -0.0484338  -0.06809834 -0.05592283
   0.00090101]
 [-0.02263707  0.05181166  0.07675589  0.04601619  0.02430529  0.00090101
   0.02216446]]
[[ -1.05192400e-02   2.86300000e-05  -2.95585500e-03   6.58176000e-03
    7.02898500e-03   3.07791100e-02  -2.90074100e-02]
 [  2.86300000e-05  -1.09112000e-03   1.83785000e-03  -9.21326000e-03
   -2.40403000e-02   8.40045950e-02   3.51076750e-02]
 [ -2.95585500e-03   1.83785000e-03   7.64805000e-03   1.17423750e-02
   -8.57223850e-02   7.81067500e-03   6.32258900e-02]
 [  6.58176000e-03  -9.21326000e-03   1.17423750e-02   2.76560600e-02
   -4.08540700e-02  -1.91028400e-02   3.86612800e-02]
 [  7.02898500e-03  -2.40403000e-02  -8.57223850e-02  -4.08540700e-02
   -5.82235800e-02  -3.80390450e-02   3.06345300e-02]
 [  3.07791100e-02   8.40045950e-02   7.81067500e-03  -1.91028400e-02
   -3.80390450e-02  -4.15011000e-02  -1.51465650e-02]
 [ -2.90074100e-02   3.51076750e-02   6.32258900e-02   3.86612800e-02
    3.06345300e-02  -1.51465650e-02  -2.49698300e-02]]
[[-0.00789096 -0.03232973  0.0044304   0.07723829  0.11471597  0.09631814
   0.02081048]
 [-0.03232973 -0.08976775 -0.10977604 -0.00064783  0.11822379  0.17967577
   0.10231788]
 [ 0.0044304  -0.10977604 -0.2189852  -0.18615672 -0.0379529   0.11164305
   0.11347192]
 [ 0.07723829 -0.00064783 -0.18615672 -0.26735759 -0.17793037 -0.03131244
   0.04301519]
 [ 0.11471597  0.11822379 -0.0379529  -0.17793037 -0.1878418  -0.07789439
  -0.00084657]
 [ 0.09631814  0.17967577  0.11164305 -0.03131244 -0.07789439 -0.03769664
   0.00480013]
 [ 0.02081048  0.10231788  0.11347192  0.04301519 -0.00084657  0.00480013
   0.02912424]]
[[ 0.00421078 -0.03591924 -0.02516969  0.01427756  0.05224759  0.08486054
   0.08067826]
 [-0.03591924 -0.07374603 -0.09792371 -0.06575139 -0.00467731  0.0735077
   0.08323704]
 [-0.02516969 -0.09792371 -0.16688363 -0.16369832 -0.08716482  0.0177593
   0.03705983]
 [ 0.01427756 -0.06575139 -0.16369832 -0.20642947 -0.16049133 -0.06272633
  -0.01152422]
 [ 0.05224759 -0.00467731 -0.08716482 -0.16049133 -0.17531188 -0.09957421
  -0.03207723]
 [ 0.08486054  0.0735077   0.0177593  -0.06272633 -0.09957421 -0.07119064
  -0.02340809]
 [ 0.08067826  0.08323704  0.03705983 -0.01152422 -0.03207723 -0.02340809
   0.02409666]]
[[-0.00603371  0.04953094  0.04354173 -0.05493107 -0.14350285 -0.17113469
  -0.09612352]
 [ 0.04953094  0.14174078  0.17670731  0.05449968 -0.11989723 -0.22281339
  -0.17635012]
 [ 0.04354173  0.17670731  0.35597745  0.32369258  0.09898785 -0.10256634
  -0.16379469]
 [-0.05493107  0.05449968  0.32369258  0.47329512  0.31768883  0.09326557
  -0.04307771]
 [-0.14350285 -0.11989723  0.09898785  0.31768883  0.34111872  0.1672882
   0.04371545]
 [-0.17113469 -0.22281339 -0.10256634  0.09326557  0.1672882   0.08751402
   0.01752941]
 [-0.09612352 -0.17635012 -0.16379469 -0.04307771  0.04371545  0.01752941
  -0.03539355]]
[[-0.14227228 -0.10423459 -0.04072121 -0.00607182  0.01954536 -0.00336923
  -0.02254085]
 [-0.10423459 -0.06963305 -0.02457342  0.01951464  0.0562704   0.05760028
   0.03626836]
 [-0.04072121 -0.02457342  0.02901097  0.07892963  0.06610373  0.04481208
   0.03993457]
 [-0.00607182  0.01951464  0.07892963  0.06072069  0.06422071  0.05430696
   0.04818347]
 [ 0.01954536  0.0562704   0.06610373  0.06422071  0.09804539  0.08698986
   0.04268885]
 [-0.00336923  0.05760028  0.04481208  0.05430696  0.08698986  0.09060293
   0.06242394]
 [-0.02254085  0.03626836  0.03993457  0.04818347  0.04268885  0.06242394
   0.07633802]]
[[-0.07131311 -0.08593291 -0.05880745 -0.04112344 -0.0464549  -0.05979629
  -0.04701878]
 [-0.08593291 -0.08428915 -0.06695191 -0.02934417 -0.01174815 -0.01362796
  -0.01204324]
 [-0.05880745 -0.06695191 -0.01690555  0.04050934  0.01486357 -0.00831397
   0.00360886]
 [-0.04112344 -0.02934417  0.04050934  0.03088161  0.03347708  0.03263013
   0.03723981]
 [-0.0464549  -0.01174815  0.01486357  0.03347708  0.08669699  0.08068657
   0.03859723]
 [-0.05979629 -0.01362796 -0.00831397  0.03263013  0.08068657  0.07851399
   0.07316802]
 [-0.04701878 -0.01204324  0.00360886  0.03723981  0.03859723  0.07316802
   0.10973811]]
[[ 0.01799818 -0.0240157  -0.03844443 -0.03731352 -0.03426034 -0.03928801
  -0.0013657 ]
 [-0.0240157  -0.05912821 -0.08391026 -0.06016515 -0.04614736 -0.01985726
   0.00716821]
 [-0.03844443 -0.08391026 -0.06452823 -0.02527184 -0.05485524 -0.05556959
  -0.01000024]
 [-0.03731352 -0.06016515 -0.02527184 -0.04662837 -0.05187286 -0.02556474
   0.01825215]
 [-0.03426034 -0.04614736 -0.05485524 -0.05187286 -0.00488801  0.00611015
   0.0085284 ]
 [-0.03928801 -0.01985726 -0.05556959 -0.02556474  0.00611015  0.02743677
   0.06225769]
 [-0.0013657   0.00716821 -0.01000024  0.01825215  0.0085284   0.06225769
   0.14599784]]
[[ 0.0158009   0.01452771 -0.01320914  0.01561779 -0.00105377 -0.02109056
   0.00647968]
 [ 0.01452771  0.0279545   0.00816271  0.0689361   0.03851011 -0.0530591
   0.00054217]
 [-0.01320914  0.00816271 -0.08991764 -0.04420014  0.15224583 -0.01030332
  -0.03333258]
 [ 0.01561779  0.0689361  -0.04420014 -0.24388266 -0.00633849  0.0746869
  -0.01135703]
 [-0.00105377  0.03851011  0.15224583 -0.00633849 -0.18638468  0.03699914
   0.02285102]
 [-0.02109056 -0.0530591  -0.01030332  0.0746869   0.03699914 -0.02084324
   0.01323937]
 [ 0.00647968  0.00054217 -0.03333258 -0.01135703  0.02285102  0.01323937
   0.00294026]]
[[ 0.0009017  -0.00848819 -0.03015439  0.06886931  0.03876862 -0.01421526
   0.01240091]
 [-0.00848819 -0.04405465 -0.06507152  0.12107148  0.17058264 -0.00712148
   0.00996596]
 [-0.03015439 -0.06507152 -0.29391766 -0.18123046  0.30763267  0.118298
   0.01551733]
 [ 0.06886931  0.12107148 -0.18123046 -0.60359478 -0.11282055  0.18772341
   0.03472967]
 [ 0.03876862  0.17058264  0.30763267 -0.11282055 -0.42774436 -0.01168882
   0.03642727]
 [-0.01421526 -0.00712148  0.118298    0.18772341 -0.01168882 -0.08150192
   0.00589919]
 [ 0.01240091  0.00996596  0.01551733  0.03472967  0.03642727  0.00589919
   0.00907763]]
[[ -1.58627499e-02   1.43203515e-03  -1.32939657e-02   4.53274305e-02
   -2.18481755e-03  -3.78421983e-02  -6.31852507e-03]
 [  1.43203515e-03   1.20042241e-04  -2.11133360e-02   1.01672232e-01
    1.21860817e-01  -3.93383121e-02  -1.88356619e-02]
 [ -1.32939657e-02  -2.11133360e-02  -1.93513364e-01  -1.06779396e-01
    2.61399560e-01   8.04014279e-02  -5.44315017e-03]
 [  4.53274305e-02   1.01672232e-01  -1.06779396e-01  -4.31865841e-01
   -4.75060605e-02   1.75478339e-01   2.34986702e-02]
 [ -2.18481755e-03   1.21860817e-01   2.61399560e-01  -4.75060605e-02
   -3.27122420e-01   6.86363130e-03   2.23413362e-02]
 [ -3.78421983e-02  -3.93383121e-02   8.04014279e-02   1.75478339e-01
    6.86363130e-03  -7.63182268e-02  -1.07761188e-02]
 [ -6.31852507e-03  -1.88356619e-02  -5.44315017e-03   2.34986702e-02
    2.23413362e-02  -1.07761188e-02  -1.13808401e-02]]
[[ 0.09337509  0.10127143  0.09109912  0.02030618 -0.07293445 -0.07112668
  -0.00873653]
 [ 0.10127143  0.09865421  0.07714479 -0.00705821 -0.15488423 -0.16675419
  -0.056226  ]
 [ 0.09109912  0.07714479  0.0857671  -0.01077463 -0.18149239 -0.1954243
  -0.07055596]
 [ 0.02030618 -0.00705821 -0.01077463 -0.07105257 -0.12692415 -0.14427848
  -0.08311755]
 [-0.07293445 -0.15488423 -0.18149239 -0.12692415 -0.11873101 -0.099921
  -0.03170754]
 [-0.07112668 -0.16675419 -0.1954243  -0.14427848 -0.099921   -0.00995107
   0.05357684]
 [-0.00873653 -0.056226   -0.07055596 -0.08311755 -0.03170754  0.05357684
   0.10735363]]
[[-0.23257811 -0.16797876 -0.05457594  0.01275836  0.07458356  0.06950762
  -0.00649614]
 [-0.16797876 -0.07377949  0.01345961  0.10644733  0.15463756  0.14303732
   0.04736556]
 [-0.05457594  0.01345961  0.09968994  0.17692301  0.20524492  0.1812729
   0.08215566]
 [ 0.01275836  0.10644733  0.17692301  0.22396457  0.25559311  0.1736314
   0.05825611]
 [ 0.07458356  0.15463756  0.20524492  0.25559311  0.2212598   0.11686586
  -0.00238364]
